# alpha[deg] delta[deg] r[pc]
 220.2750  +69.5667     25
 066.7250  +15.8667     45
 081.7958   +6.2667     92
 186.2750  +26.1000     96
 130.5250  -79.0272     97
 050.4250  -36.3000    100
 179.9625  -78.2075    114
 304.4458  +38.0333    117
 137.3750  -59.1283    132
 056.7500  +24.1167    133
 264.5000   -8.1117    161
 160.7417  -64.4000    161
 138.4458  -43.7400    174
 130.1333  -53.0333    175
 051.0792  +49.8617    185
 130.1000  +19.6667    187
 115.8000  -38.4000    189
 018.4583  +32.0283    190
 070.4042  +71.2367    200
 265.8750  -46.9667    211
 206.9875  -66.0200    232
 205.8667  -59.1217    246
 270.2750   +2.9000    249
 340.6500  +54.2600    250
 001.0292  -29.8333    269
 092.4000  -22.1517    272
 076.8417  +22.2783    276
 267.0250   +1.3000    280
 282.2708  -18.7300    280
 109.1208  -46.6850    288
 261.3833  -34.4056    290
 289.1750  -16.2833    295
 268.4625  -34.7933    301
 013.3625  +49.5667    302
 116.1125  -37.6667    302
 033.6792  +59.4850    303
 109.3208  -36.8167    316
 293.9500  +25.2167    318
 282.6500  -18.2500    320
 322.9500  +48.4333    326
 122.3833  -47.3367    336
 093.8583   +3.8450    348
 288.4042  +36.3300    350
 285.4042  +33.5700    350
 081.9458   -1.9800    350
 347.1000  +64.8500    350
 266.5750   +5.7167    352
 096.8125   -4.7583    359
 151.2625  -55.8000    360
 122.5375  -49.2150    361
 116.7583   +0.0183    370
 276.8125   +6.5083    376
 084.7500  +37.9333    380
 049.0458  +60.1156    380
 083.7833   -4.3431    380
 157.3000  -56.7833    380
 056.1417  +32.1633    385
 276.5000  -51.0000    385
 083.8750   -1.1000    387
 302.5000  +33.7667    389
 283.3750  +36.9167    390
 160.7833  -61.1667    398
 084.6750   -2.6000    399
 128.6250  -37.6100    400
 083.7750   +9.9333    400
 143.4625  -36.6150    400
 097.1833   -7.0200    400
 320.4708  +50.8183    404
 111.1125  -31.8500    405
 119.5167  -60.7533    409
 123.1375  -40.4667    410
 260.1708  -35.8833    414
 083.8167   -5.3900    414
 120.7042  -46.3833    421
 131.9750  -42.4500    424
 207.9333  -63.4533    435
 072.1125  +10.9367    437
 222.0583  -66.3367    440
 113.2792  -13.4000    440
 111.0583  -24.6333    442
 082.1833   +1.6300    450
 307.2042  +39.3267    450
 136.3125  -55.9550    450
 318.0000  +38.6000    450
 298.5000  +34.5800    450
 029.4208  +37.7850    457
 081.1500   +1.8000    460
 079.5458  -68.4500    460
 047.9500  +63.2500    460
 273.4208  -22.1183    460
 108.8333  -30.6833    472
 256.1708  -37.9850    479
 354.0833  +52.5433    480
 123.6000  -36.3833    480
 279.7500   +5.4500    484
 265.0833  -32.2533    487
 186.0167  -58.1233    489
 114.1458  -14.4833    490
 166.4125  -58.7533    492
 179.6667  -64.5833    494
 040.5208  +42.7617    499
 081.5417   +0.8200    500
 354.4458  +48.5600    500
 111.7958   -5.5500    500
 203.5250  -59.2500    500
 107.6958   -9.3367    500
 295.4417  +27.3800    500
 295.6375   +1.5231    500
 264.7792  -34.8000    500
 209.8500  -58.3833    500
 261.0042  -62.8633    500
 072.4792  +41.7300    500
 082.2458   +3.6500    500
 083.8167   -4.8200    500
 139.5000  -69.6900    500
 129.8167  -44.0500    500
 211.4250  -59.7000    500
 071.5083  +55.2067    501
 159.4750  -59.1833    507
 246.3333  -40.6533    512
 111.8000  +13.6083    512
 301.1917  -10.4783    513
 310.9500  +23.7917    537
 155.7500  -54.8000    540
 071.4792  +19.1150    540
 086.0250  -33.9350    542
 155.3417  -51.7283    544
 283.9542  +21.5803    546
 325.0042  +53.9700    550
 304.1333  +52.0750    550
 270.2625  -23.5333    550
 082.0042  +40.3717    550
 118.1250  -60.3300    550
 214.6333  -56.9183    550
 274.6167  +12.1667    550
 083.8500   -5.9150    550
 107.6250   +6.0700    550
 155.0542  -57.6500    550
 203.9542  -58.8100    550
 301.6333  +35.5761    550
 097.7125   +9.9436    556
 102.0708  +41.0783    558
 267.3958  -34.8200    560
 236.5833  -52.3817    570
 068.8833  -65.7500    572
 232.3875  -51.2333    575
 270.5000  -23.6833    578
 081.5250  +16.7003    580
 112.0000  -11.7167    588
 128.6500  -44.4167    593
 303.0042  +26.4783    597
 297.5708   +7.9033    600
 329.2208  +51.4800    600
 267.3167  -29.2500    600
 237.5542  -52.8000    600
 105.2250   +3.5000    600
 342.0333  +46.2517    600
 157.2250  -58.7833    600
 167.6792  -60.3833    600
 095.0833  +46.6700    600
 153.7792  -54.9700    600
 002.6417  +58.7600    600
 208.0667  -66.4000    600
 121.2417  -28.1467    601
 221.2333  -61.7167    619
 001.3208  -20.6917    620
 277.9458  -19.1167    620
 100.7292   +0.0461    625
 203.5250  -64.5167    626
 269.2667  -18.9850    628
 007.8292  +63.3500    630
 075.9792  +23.6583    630
 109.2333  -17.1167    630
 097.8250   +5.9167    630
 075.8625  +52.8333    630
 305.4250  +37.3667    633
 168.0292  -21.3500    640
 092.7500   -3.4833    640
 053.0708  +44.8400    650
 182.0792  -60.6500    650
 267.6750  -12.0017    650
 189.1500  -67.2900    650
 157.5750  -54.1333    650
 180.7292  -60.9250    650
 114.9208  -16.2967    650
 010.9125  +61.7750    657
 180.7667  -63.8500    660
 273.2208  -24.3639    660
 131.2500  -31.6333    661
 052.9083  +37.3767    665
 218.9042  -56.6183    666
 100.2417   +9.8950    667
 131.6250  -52.9000    667
 296.2500  +17.5167    670
 209.8250  -57.8500    673
 134.2833  -43.2500    680
 321.0875  +36.4867    689
 283.0667  -20.2033    690
 037.4167  +60.7067    698
 211.8625  -48.3433    700
 338.3083  +39.6100    700
 285.3375  +11.6150    700
 236.7292  -50.9800    700
 255.4458  -58.9583    700
 277.7458  -13.1550    700
 072.2417  +13.1483    700
 113.4000  -13.7600    700
 293.9833  +35.6683    700
 051.8625  +34.9533    700
 313.7250  +47.4167    700
 206.2000  -60.2833    700
 297.1333  +21.9600    700
 313.0333  +37.8956    700
 345.5708  +63.0628    700
 026.4375  +71.8100    702
 198.1000  -65.3000    703
 299.5333  +30.8883    705
 204.9208  -64.3333    709
 300.1500  +30.5897    710
 101.5042  -20.7567    710
 158.9417  -60.1167    710
 065.2375  +50.2533    711
 115.1250  -30.0833    714
 260.8583  -37.9000    714
 156.8708  +66.7983    715
 105.1333   -8.8667    717
 162.5000  -56.4000    720
 039.2208  +55.9150    725
 186.5917  -61.7167    731
 104.9292   -4.0667    736
 154.3250  -58.7000    740
 304.5292  +40.7319    740
 266.0792  -32.3617    741
 103.5750   -1.6500    750
 259.6625  -32.3167    750
 125.5500  -36.4000    750
 275.0542  -32.3517    750
 013.2917  +61.5800    750
 157.1083  -58.1833    750
 108.6292  -21.1200    750
 154.7292  -63.1333    750
 105.4958  -26.5033    750
 009.8958  +61.0950    752
 240.8208  -60.4317    756
 265.3792  -40.1500    760
 076.1458  +23.7983    760
 314.1250  +44.6333    760
 323.1375  +17.5083    765
 268.1125  -30.1000    766
 114.2750  -13.8717    766
 123.4292   -5.7500    770
 308.6083  +28.2833    770
 143.2958  -53.3983    774
 059.4625  -76.7950    775
 266.7542  -31.5300    778
 172.7125  -60.7333    780
 359.9833  +68.0342    780
 308.4583  +40.1481    780
 197.7083  +30.4767    786
 328.4167  +62.6033    789
 283.6417  -19.9017    789
 209.8750  -59.3500    789
 047.7042  -57.7667    790
 300.7500  +33.5700    800
 164.2125  -61.1167    800
 105.7958  -25.0500    800
 294.7208  +18.6900    800
 108.1667   +2.1200    800
 229.8000  -60.7300    800
 094.5000  +23.6333    800
 103.5167   -0.1700    800
 102.6000   +7.2500    800
 075.9583  +23.7700    800
 118.2542  -53.0450    800
 280.6500  -33.6300    800
 078.3292  +44.5800    800
 090.7792   +5.7283    800
 279.1458  -19.4650    800
 158.2792  -58.4800    800
 152.0542  -64.3700    800
 267.2250  -37.3600    800
 346.5750  +51.0500    800
 104.2500   -6.2100    800
 236.8500  -64.4100    800
 334.7000  +63.2667    800
 130.6250  -48.1133    800
 129.3333  -40.1500    800
 352.7917  +59.7856    805
 333.7833  +49.8983    808
 132.8250  +11.8000    808
 012.6917  +65.9683    810
 269.5500  -11.6500    810
 224.2083  -62.5500    810
 239.2625  -59.4667    810
 339.1208  +37.7564    810
 261.7167  -34.6867    816
 270.6750  -22.9717    816
 203.5500  -62.4172    819
 157.1125  -60.6667    819
 251.3500  +38.3500    820
 286.8875   +6.2861    828
 121.7167  -30.8367    830
 345.4375  +63.0206    831
 313.4250  +46.0333    833
 324.7750  +57.5000    835
 131.2125  -41.2333    838
 304.5875  +31.2061    840
 262.2250  -31.5500    850
 132.5708  -41.7200    850
 216.4125  -54.7983    850
 273.9000  -14.9900    850
 296.2042  +29.2650    852
 328.3500  +47.2667    852
 308.4167  +45.6431    852
 262.8792  -34.0167    855
 309.6000  +42.5008    857
 177.6542  -62.1333    860
 132.4458  +44.7033    860
 287.8333  +13.1183    860
 254.4833  -45.9367    865
 078.6833  +32.6886    868
 129.4083  -39.5833    869
 102.9375   +0.4600    870
 051.9583  +56.3997    871
 112.7500  -16.9333    872
 124.8375  -34.4833    874
 264.5875  -37.7167    880
 253.7667  -45.2333    881
 306.7458  +38.9756    884
 137.6250  -53.8867    885
 261.2042  -49.9333    888
 244.7083  -57.9350    891
 116.4917  -21.9500    893
 159.6917  -54.1233    894
 106.7917  -28.2000    900
 094.2083   +5.9967    900
 127.9333  -39.1317    900
 216.1458  -61.3306    900
 124.1417  -48.5100    900
 238.7250  -60.7400    900
 235.8875  -52.4750    900
 300.6250  +42.1000    900
 350.1458  +54.6000    900
 132.5083  +11.3383    900
 316.8000  +50.8750    900
 131.9917  -38.0583    900
 161.9083  -57.4672    900
 098.6750   +5.3667    900
 246.8500  +38.0667    900
 332.1125  +61.0283    900
 191.8208  -60.6500    900
 245.8333  -52.0000    900
 255.7500  -28.4500    900
 081.9542  +33.7933    900
 163.4208  -58.2400    900
 203.0458  -58.4667    901
 304.5583  +42.6306    901
 159.7292  -69.0333    910
 092.4500   +4.8072    910
 150.6500  -60.1200    911
 120.2000  -19.0517    912
 092.2250  +24.3333    912
 218.6542  -56.1328    912
 123.0625  -37.5950    919
 147.1542  -56.4217    922
 201.1667  -62.4833    925
 250.4250  -46.1500    929
 269.9833  -24.6825    930
 115.7417  -35.5972    930
 175.6000  -62.4833    932
 226.0875  -54.3967    933
 171.4083  -43.2433    938
 271.8417  -23.2967    938
 252.3667  -53.7283    939
 112.1500   +7.0867    940
 088.4375   +0.4100    940
 152.1917  -61.2500    940
 298.2833  +11.6983    943
 208.5750  -65.3167    949
 127.8125  -44.5000    950
 188.5583  -61.5667    950
 265.0500  -36.9483    950
 105.6750   -8.3833    950
 317.7000  +45.6167    951
 247.0625  -51.5000    956
 275.1375  -63.8083    960
 097.5750   +2.8667    962
 320.3250  +44.8167    964
 305.0417  +39.3306    969
 187.1500  -59.8167    969
 119.4000  -25.9167    970
 199.0375  -60.0733    970
 304.9250  +38.1333    972
 088.7875  -59.9103    974
 245.8833  -51.8833    974
 149.0917  -47.0333    976
 254.4208  -44.8117    981
 091.2417  -26.7333    981
 263.7000  -32.5667    985
 269.9542  -28.1667    986
 093.6458  -29.3750    990
 164.9000  -60.3367    990
 259.6042  -42.9333    996
 044.8542  +60.5661   1000
 061.9583  +62.3317   1000
 243.5375  -51.8667   1000
 168.4042  -55.4200   1000
 202.8750  -35.0656   1000
 107.3500  -16.9500   1000
 273.1833  -21.6050   1000
 118.2750  -28.1700   1000
 334.8000  +46.9000   1000
 344.3417  +54.3383   1000
 099.2750   +5.9500   1000
 081.8792  +34.7336   1000
 092.7250  +20.6072   1000
 253.8750  -40.8333   1000
 039.4083  +56.4150   1000
 269.1917  -35.2667   1000
 317.5083  +15.5167   1000
 185.1625  -64.7833   1000
 291.7792  +25.1400   1000
 351.9208  +55.5917   1000
 181.6500  -69.7700   1000
 284.6833   -8.9700   1000
 315.8000  +44.5833   1000
 251.5167  -50.7639   1000
 262.1333  -29.4972   1000
 266.5667  -29.7000   1000
 000.5583  +67.4167   1000
 123.9125  -30.8333   1000
 248.5167  -44.0450   1011
 248.9458  -45.6433   1014
 060.0750  -12.0150   1020
 260.2042  -36.1033   1025
 288.9000  +11.2167   1030
 040.6792  +61.6336   1030
 248.1875  -52.6433   1030
 222.2208  -54.4983   1031
 116.4458  -46.7133   1031
 255.1875  -44.6550   1031
 303.8708  +36.8631   1032
 125.2167  -36.2167   1033
 169.0750  -60.2667   1036
 116.1250  -23.8567   1037
 116.1417  -24.6800   1040
 131.5917  -52.9483   1046
 187.4833  -64.7900   1050
 305.7917  +41.6931   1050
 245.0167  -50.2331   1050
 092.1000  +13.9650   1052
 067.0000  +30.9333   1052
 063.2958  -70.4717   1055
 303.0792  +37.8908   1055
 111.1625  -26.2167   1056
 107.0250  -10.6167   1056
 312.4708  +41.2550   1060
 137.8458  -47.0400   1063
 087.1833  +26.3681   1063
 306.4250  +41.9333   1063
 310.2667  +16.6183   1070
 064.7500  +58.3000   1070
 325.7458  +66.1133   1070
 292.1500  +17.3683   1070
 105.7625  -67.4117   1070
 282.8250  +10.3183   1075
 323.8833  +53.5136   1075
 233.4125  -58.1500   1076
 259.3500  -35.5500   1077
 306.0958  +42.2811   1078
 005.5167  +64.3806   1080
 255.5417  -39.7283   1080
 330.7625  +10.8017   1080
 286.0375  -33.3850   1089
 091.0917  +14.5728   1090
 063.8458  +51.2150   1090
 090.6208  +49.9178   1090
 302.9000  +35.6050   1100
 290.8083  +22.1417   1100
 085.6583  +29.5656   1100
 031.1250  +64.4333   1100
 091.2083  -29.1831   1100
 233.3292  -55.2364   1100
 148.5750  -57.0800   1100
 086.0042  +55.7933   1100
 298.4542  +39.3700   1100
 188.2500  -60.9500   1100
 268.3000  -22.2750   1100
 274.3875  -16.6500   1100
 204.1250  -62.2136   1100
 100.5292  -29.4542   1100
 120.4500  -50.5583   1100
 080.1292  +35.2200   1100
 177.4542  -48.2517   1100
 104.0833  -24.7294   1100
 006.3125  +62.6167   1100
 067.9125  +43.7433   1100
 105.1333   +3.0417   1100
 195.0375  -59.6133   1100
 132.4208  -44.3667   1102
 284.1875  +10.4464   1105
 302.3000  +35.4833   1106
 248.6417  -49.7717   1108
 206.6458  -62.9167   1108
 285.3333  +29.2767   1111
 305.1000  +38.7000   1112
 327.7125  +55.2464   1116
 084.8208  -17.8467   1120
 218.9750  -59.9667   1121
 006.7417  +64.0333   1123
 253.8875  -39.4617   1131
 115.0375  +71.6550   1133
 141.9083  -57.0000   1134
 254.2500  -40.6667   1138
 305.8000  +40.7783   1139
 205.7667  -63.1647   1140
 278.0458  -16.0497   1140
 257.6500  +15.5333   1140
 017.0792  +61.5833   1148
 305.9875  +38.5083   1148
 306.3375  +40.2269   1150
 282.0167  -25.8783   1150
 118.0583  -33.0408   1150
 050.8000  +52.2500   1155
 250.3333  -48.7633   1155
 276.3000  -10.0000   1159
 166.4833  -59.8167   1159
 279.1542   -7.8133   1164
 331.2792  +46.4833   1168
 202.4750  -64.2000   1169
 332.8000  +57.6994   1169
 108.6250  -10.2667   1170
 231.8583  -54.5283   1170
 237.3917  -28.5883   1170
 225.4458  -51.9183   1170
 210.1708  -59.5867   1170
 095.1458  -44.6783   1170
 278.0125  -15.6883   1173
 281.5000   -3.6208   1174
 268.2000   +4.1667   1180
 097.5500   +3.3933   1180
 266.2500  -28.8600   1182
 110.8500  -12.3333   1182
 186.8167  -60.7789   1184
 289.2000   -0.9233   1185
 308.6958  +41.4156   1186
 131.3750  -48.8000   1188
 344.0000  +59.9733   1190
 274.2958  -18.8242   1190
 099.6750   +6.9000   1191
 100.8958   +2.1733   1191
 266.8250  -24.8867   1192
 226.3750  -55.6033   1192
 264.4000  -35.0267   1192
 075.8417  +42.4136   1193
 280.5542   -6.2117   1197
 072.7750  +43.6750   1199
 057.3542  +52.6583   1199
 331.2458  +62.2700   1200
 172.7292  -58.4833   1200
 103.4708   -4.3900   1200
 028.2000  +57.0667   1200
 314.7875  +50.7794   1200
 301.4250  +41.2000   1200
 253.6792  -40.7083   1200
 179.0000  -58.4333   1200
 103.6208   -7.2033   1200
 146.1917  -54.4400   1200
 147.3167  -62.6717   1200
 272.4625  -23.8283   1200
 251.8792  -45.4600   1200
 348.7792  +60.8497   1200
 026.8042  +57.7300   1200
 251.5375  -47.0167   1200
 004.9667  +55.7100   1200
 103.0542   +3.6417   1202
 075.5208  +44.5000   1202
 151.0750  -55.4333   1203
 271.0542  -22.4900   1205
 261.1792  -34.2017   1205
 280.7250   -4.1333   1206
 029.6375  +55.4733   1207
 111.6792  -28.8167   1208
 180.2583  -63.2250   1209
 039.1458  +59.6333   1210
 273.1208  -29.5767   1211
 264.0833  -33.5167   1211
 119.8167  -27.5850   1212
 085.4708  +29.9047   1213
 208.4875  -61.8683   1215
 294.3208  +46.3883   1215
 251.6542  -47.0833   1216
 083.9750  +25.9500   1220
 275.6667  -14.7281   1220
 246.0583  -51.1517   1220
 080.9750  +11.4667   1220
 061.1333  +52.6617   1230
 320.6583  +49.8775   1230
 269.9583  -17.4506   1230
 310.0583  +42.9758   1233
 315.4542  +47.3533   1236
 318.0750  +46.5667   1236
 303.7500  +41.1794   1238
 169.3625  -62.7333   1238
 308.9708  +44.3253   1238
 186.1375  -68.4667   1239
 099.0750  -30.8583   1240
 106.8375  -20.8000   1241
 000.4042  +64.6250   1242
 253.5417  -41.8250   1243
 091.6250  +19.2331   1243
 278.1542  -16.8856   1245
 154.7792  -56.4167   1249
 355.8958  +59.0872   1250
 186.2208  -60.4333   1250
 308.6750  +22.2150   1250
 301.9333  +21.0975   1250
 187.1333  -60.8953   1250
 074.8750  +38.0117   1250
 200.9125  -63.6733   1250
 175.9083  -61.1333   1251
 352.5083  +63.4819   1252
 276.3708  -14.6558   1258
 115.3250  -24.3500   1259
 358.2875  +62.7867   1260
 258.3083  -39.7064   1260
 246.9417  -49.1517   1260
 101.1708   +1.6847   1261
 141.0542  -51.6667   1262
 268.1917  -28.4333   1263
 203.0583  -62.8000   1263
 251.7667  -25.8117   1266
 322.5083  +48.9767   1268
 279.9500   -8.4167   1273
 232.4500  -64.8633   1274
 000.0875  +50.7417   1275
 319.8750  +57.5700   1275
 213.5250  -57.8667   1278
 187.1833  -66.5811   1278
 106.7458  +27.2617   1285
 119.5000  -29.2850   1290
 095.2042   -7.2833   1293
 305.9875  +36.6050   1295
 274.9917  -17.1017   1296
 096.0417  +18.0250   1296
 166.2125  -67.9500   1297
 322.6125  +51.6000   1298
 098.9958   -0.6678   1298
 134.3000  -47.7667   1300
 132.3458  -46.8500   1300
 115.1875  -31.6933   1300
 106.9625  -25.8697   1300
 151.6208  -60.3000   1300
 211.3583  -67.4667   1300
 185.1750  -67.5200   1300
 302.9750  +34.4017   1300
 119.6917  -28.8111   1300
 081.3958  +34.9575   1300
 275.1958  -16.1717   1300
 200.8792  -66.1833   1300
 131.1500  -47.6000   1300
 084.1417  +31.8556   1300
 291.7333  +13.9822   1303
 176.3750  -62.4333   1305
 290.2875  +13.7750   1305
 218.4917  -61.3667   1310
 342.5958  +52.1350   1310
 300.7333  +11.2583   1310
 267.2500  -28.7358   1310
 130.4000  -46.2667   1312
 244.7000  -54.9333   1312
 142.4625  -52.7833   1314
 291.3500  +11.6583   1317
 275.9750  -16.6500   1318
 311.2083  +43.9150   1318
 190.5750  -62.9950   1320
 127.3833  -61.1100   1320
 062.4875  +49.5150   1320
 252.2208  -43.4333   1327
 098.5500   +8.0833   1328
 098.6583   +8.3667   1329
 271.1292  -24.3583   1330
 084.0750  +34.1400   1330
 103.2958   -0.1919   1330
 211.1000  -58.7000   1330
 275.7083  -11.9617   1335
 104.8625  -13.6983   1335
 167.0292  -26.7300   1338
 060.5833  +52.4442   1340
 286.9333   +4.3333   1340
 118.0417  -38.5300   1341
 124.7333  -29.7500   1342
 246.1500  -51.9667   1343
 118.8000  -24.2583   1343
 264.2500  -32.4833   1343
 267.3708  -31.2633   1346
 221.0750  -63.4167   1346
 317.9583  +52.3800   1355
 118.1083  -26.4367   1355
 305.4500  +25.7400   1355
 318.9750  +48.8500   1355
 179.3667  -62.7167   1357
 167.8667  -60.6667   1358
 084.8625  +30.8933   1359
 297.7542  +25.2686   1360
 018.0750  +62.3333   1363
 122.6542  -12.8183   1363
 136.2042  -46.0417   1366
 278.3625  -10.4033   1369
 229.2042  -58.3667   1369
 025.8375  +55.8364   1372
 028.4292  -45.9533   1380
 291.3125  +13.9450   1380
 302.9458  +26.8117   1380
 223.8000  -83.4233   1380
 145.7583  -52.1244   1380
 302.8292  +35.8317   1380
 280.2708   -4.0808   1381
 088.0750  +32.5533   1383
 282.5833   -3.5783   1388
 269.8417  -24.7669   1390
 296.5958  +24.6514   1392
 127.8417  -38.6500   1394
 124.8208  -45.2083   1394
 148.6792  -50.9167   1400
 114.9375  -27.2933   1400
 351.2000  +61.5933   1400
 101.3833  +24.6000   1400
 110.0250  -21.8817   1400
 106.3250  -12.3289   1400
 150.3583  -55.1167   1400
 214.5500  -61.4333   1400
 059.7208  +53.6317   1400
 080.6542  +36.5500   1400
 300.7500  +37.6833   1400
 100.9875   +3.4783   1400
 084.5417  +25.8167   1400
 288.4667  -42.6483   1400
 082.1667  +35.8483   1400
 130.9708  -40.2317   1401
 269.8250  -24.7000   1405
 038.2500  +58.7333   1409
 015.7750  +62.7833   1410
 298.6375  +17.9383   1410
 206.1833  -62.9150   1410
 235.2042  -52.4333   1410
 283.5917   -1.2167   1413
 283.7042   +5.5483   1413
 037.4667  +58.1103   1417
 243.2958  -54.2183   1417
 106.7042  -10.0283   1417
 085.8000  +20.1333   1418
 286.9542   +4.2667   1421
 280.4750   -4.2769   1422
 256.8708  -40.8133   1422
 237.3750  -50.6131   1423
 321.1292  +51.3394   1423
 304.9167  +40.9278   1427
 104.5667   +0.8650   1429
 005.4750  +61.7500   1430
 227.6000  -58.7833   1434
 306.6542  +37.2811   1434
 263.7542  -34.2667   1435
 270.5250  +11.0233   1436
 303.7583  +33.9286   1442
 322.3208  +47.1267   1442
 199.9417  -64.9500   1442
 091.8917  +19.1128   1444
 092.7667  +51.6767   1445
 156.6292  -60.6767   1445
 302.4083  +36.5058   1445
 184.3333  -55.1017   1445
 325.9208  +54.6300   1445
 013.1250  +64.6514   1450
 270.0667  -25.2275   1450
 178.3125  -62.6094   1450
 114.1958  -23.3833   1456
 105.3625   -3.1175   1456
 263.9292  -36.3578   1457
 317.6250  +46.2333   1466
 285.1542   -0.4750   1466
 264.4625  -36.3000   1466
 095.4250   +2.3667   1467
 255.9625  -48.0833   1467
 299.6750  +20.4833   1467
 271.6208  -21.3758   1468
 110.9833  -13.2633   1468
 202.5042  -58.7425   1469
 077.0167  +37.0233   1469
 300.9792  +44.1583   1470
 273.8208  -19.0000   1471
 080.7208  +41.0808   1472
 111.8417  -23.9500   1474
 252.4833  -44.1833   1475
 238.7667  -46.0150   1475
 320.8625  +46.3783   1480
 109.6708  -24.9550   1480
 053.1625  +52.6539   1480
 206.3500  -62.0167   1481
 274.1417  -18.3117   1481
 163.0500  -45.1483   1485
 125.8375  -36.3333   1486
 256.1250  -74.3583   1490
 114.4208  -26.5294   1490
 261.1208  -39.0167   1490
 116.0917  -34.6186   1490
 106.4792  -28.4167   1490
 307.6458  +44.3153   1490
 170.7625  -58.5500   1493
 307.4250  +41.7167   1499
 243.7000  -51.3333   1499
 152.7000  -66.6800   1500
 141.9917  -54.2600   1500
 105.9750  -11.5333   1500
 323.5125  +50.7664   1500
 198.5417  -63.3900   1500
 264.4208  -58.1300   1500
 262.4083  -40.4667   1500
 093.6375   +0.6417   1500
 014.4917  +55.8400   1500
 102.9792   -7.0833   1500
 212.2625  -59.7167   1500
 113.2500  -22.9500   1500
 092.6500  +16.9711   1500
 344.0708  +62.7500   1500
 231.1500  -60.1400   1500
 165.7667  -60.9200   1500
 217.6667  -60.8833   1500
 357.9417  +16.2467   1500
 071.2833  +39.7756   1500
 175.3792  -61.0200   1500
 237.5333  -57.6167   1500
 291.2083  +29.9500   1500
 220.8750  -57.5769   1500
 274.0208  -25.7100   1500
 150.4667  -49.5667   1501
 130.4125  -43.3667   1504
 013.4583  +65.7933   1506
 287.1750   +4.7050   1507
 008.2917  +65.1167   1507
 096.3833  +17.7200   1508
 254.7708  -52.7083   1510
 115.4417  -14.8100   1510
 314.1250  +44.6500   1513
 266.5750  -29.3333   1514
 305.2000  +41.2047   1515
 282.1625   -3.5094   1516
 217.7583  -61.1667   1516
 109.2750  -13.9667   1520
 177.9458  -61.2833   1520
 352.5292  +49.1333   1534
 222.6792  -52.2667   1535
 298.2750  +18.3333   1540
 080.0250  +39.3433   1545
 231.8833  -41.0533   1546
 310.7208  +37.8289   1546
 250.0958  -43.3667   1547
 156.4667  -57.9267   1547
 301.7000  +38.3500   1548
 277.2667  -11.9753   1550
 248.8333  -51.0000   1551
 098.2917  +35.2500   1551
 176.0375  -61.0817   1560
 246.1125  -61.7417   1561
 226.6750  -56.5328   1562
 301.4958  +35.7767   1574
 038.4750  +60.1667   1575
 168.2708  -58.8833   1577
 167.9167  -60.3097   1577
 255.5458  -41.1000   1579
 118.7750  -17.7100   1585
 202.3250  -61.2000   1585
 088.0208  +27.3917   1586
 064.9375  +53.1667   1589
 100.7667   +1.6719   1599
 278.3917  -11.4167   1600
 076.5833  +39.1639   1600
 005.9167  +62.7039   1600
 306.9292  +36.0756   1600
 300.5958  +35.3114   1600
 006.8542  +71.3833   1600
 014.6208  +68.4689   1600
 109.5167  -24.4800   1600
 301.8750  +35.6833   1600
 292.5542  +18.5358   1600
 353.2250  +55.4833   1600
 241.2167  -51.9333   1600
 302.8042  +37.4500   1600
 281.3250   -9.3833   1600
 151.6542  -60.5000   1600
 149.8708  -54.5178   1602
 262.8000  -36.8000   1604
 115.2833  -30.7383   1606
 253.7833  -40.9500   1607
 110.2208  -19.6475   1607
 354.1250  +72.8500   1607
 230.2417  -59.6278   1608
 120.9042  -30.6500   1609
 111.7333  -31.1833   1609
 187.1458  -56.4333   1609
 117.3500  -42.7050   1613
 029.6542  +60.1550   1618
 336.3250  +57.8167   1620
 007.5000  +60.2183   1625
 092.4125  +20.4867   1627
 107.7000   -8.5933   1628
 023.9000  +61.4764   1630
 181.6667  -61.2500   1632
 251.6250  -45.8600   1633
 094.5792  +20.5283   1633
 219.3625  -29.4117   1634
 167.6417  -59.0333   1636
 066.4625  +46.0981   1638
 297.7458  +23.1000   1639
 291.8167  -23.5764   1640
 274.2667  -19.8650   1640
 276.5167  -13.0589   1640
 142.2917  -53.7000   1641
 101.7250   +1.3333   1641
 278.1500  -12.1333   1649
 168.2458  -60.7883   1651
 308.1833  +41.4522   1656
 252.1042  -61.7600   1659
 118.9125  -27.8950   1659
 038.3833  +59.8867   1660
 097.9792   +4.9417   1660
 131.5500  -41.8783   1660
 346.1875  +60.0778   1664
 129.7625  -46.2333   1668
 301.4500  +40.5333   1670
 113.3500  -28.1875   1670
 297.1042  +27.2931   1675
 325.9083  +51.0714   1676
 124.6333  -30.6400   1677
 071.1250  +42.0667   1678
 326.6500  +51.4117   1680
 117.0958  -26.3000   1681
 099.1500   +8.3500   1684
 321.6625  +47.9200   1684
 099.2500   +3.0667   1687
 100.8208   +4.6250   1687
 010.6458  +64.0681   1690
 259.0750  -40.8167   1693
 256.2292  -38.3200   1695
 303.4458  +36.7486   1695
 274.5125  -12.2417   1696
 262.9833  -31.9100   1699
 007.7875  +55.2800   1700
 084.2125  +31.2108   1700
 161.5333  -56.8600   1700
 071.5250  +42.1342   1700
 268.3208  -27.3694   1700
 121.7667  -29.8833   1700
 122.7250  -27.0000   1700
 300.6125  +35.6753   1700
 193.2542  -60.7667   1700
 245.1708  -48.5289   1700
 035.9250  +63.8667   1700
 054.8833  +66.4858   1700
 007.6042  +57.9236   1700
 140.0750  -60.4000   1701
 299.8208  +56.1300   1704
 106.8583  -12.7983   1706
 108.5917   -5.6706   1706
 271.1708  -58.5233   1706
 112.9708  -13.8600   1706
 321.9500  +53.7492   1710
 080.9250   +8.1833   1710
 131.5625  -47.6983   1711
 130.6542  -44.9833   1713
 140.0000  -45.1167   1714
 169.9250  -63.4833   1715
 300.7833  +31.9669   1715
 270.8708  -22.1306   1720
 099.0875  -14.1469   1720
 274.3750  -13.3500   1720
 296.1833  +26.9100   1721
 256.4250  -36.6667   1723
 340.6333  +58.9314   1726
 357.8167  +60.8472   1732
 314.1167  +49.3686   1734
 317.0333  +49.0019   1734
 092.5625  +13.0131   1734
 278.0458  -12.2297   1735
 107.2875   -1.5119   1737
 099.4250   +4.7333   1738
 175.3917  -62.4181   1740
 333.4417  +55.7200   1740
 059.0583  +53.8650   1742
 213.9667  -78.5033   1745
 251.1250  -47.6333   1750
 056.9500  +59.0500   1750
 297.0625  +59.4217   1750
 108.2708  -24.0383   1750
 100.4833   -0.8967   1753
 102.6625  -42.3900   1753
 213.9750  -59.1333   1753
 276.1750  -19.7167   1755
 313.4500  +43.1097   1758
 274.4167  -19.6700   1760
 316.5375  +41.4883   1760
 304.4875  +36.7603   1760
 304.7292  +37.7592   1760
 317.7250  +33.7633   1760
 105.8500   -5.0500   1762
 151.6250  -51.5667   1770
 235.4750  -56.6500   1771
 010.9250  +60.1500   1775
 093.5625  +22.4978   1775
 167.6750  -60.4000   1776
 147.8833  -56.3167   1777
 202.7750  -60.9400   1777
 292.6458  +20.2617   1778
 132.5292  +11.9450   1783
 323.5875  +45.9650   1785
 187.1125  -60.1050   1785
 016.6083  +62.2300   1785
 106.5583  -30.1667   1786
 093.1042  +13.0072   1786
 289.5125  -57.9033   1787
 143.8542  -39.5333   1789
 309.5208  +42.2311   1790
 274.3917  -18.8639   1790
 250.1042  -43.7417   1790
 170.2958  -58.2317   1791
 103.5167   +6.7275   1791
 174.5833  -63.3728   1794
 098.4458   -5.0883   1795
 359.3500  +56.7083   1795
 289.3000  +19.5500   1800
 308.3125  +41.3125   1800
 308.2917  +41.2186   1800
 019.3583  +61.3000   1800
 307.8750  +60.6617   1800
 272.3542  -24.5300   1800
 147.2833  -65.2500   1800
 047.9167  +53.3450   1800
 066.0542  +29.7039   1800
 082.0208  +35.3250   1800
 345.2500  +62.8939   1800
 106.9458   -5.7200   1800
 007.3042  +62.4158   1800
 218.1375  -56.8867   1800
 274.7000  -13.8067   1800
 089.5500  +21.9667   1800
 327.6708  +51.3747   1800
 277.8250  -12.3167   1800
 081.0708  +33.5006   1800
 295.6000  +38.6500   1801
 263.1625  -32.9567   1802
 216.9458  -59.6317   1805
 199.8708  -62.6333   1810
 306.6250  +41.4500   1813
 310.4500  +35.5500   1817
 061.7875  +51.1717   1818
 070.6917  +41.9219   1819
 152.3958  -28.3583   1819
 220.4500  -62.8667   1819
 114.2958  -15.6631   1820
 053.5250  +51.4083   1820
 120.8125  -26.7667   1823
 241.8958  -54.0150   1823
 147.8167  -53.1667   1824
 181.9667  -65.1939   1828
 268.2583  -29.8933   1828
 130.7208  -27.8733   1831
 103.8083  -18.6000   1834
 087.8042  +25.7717   1836
 254.0042  -40.7800   1841
 299.8875  +49.3139   1845
 005.0875  +59.3181   1850
 177.6375  -55.6733   1850
 135.1333  -48.9833   1853
 161.1792  -59.3667   1853
 139.0042  -36.6250   1855
 352.5500  +60.2583   1859
 038.6875  +62.5728   1860
 129.9000  -47.1083   1864
 327.5500  +51.2111   1867
 139.9208  -38.1167   1870
 100.2542  -29.5500   1871
 226.9250  -54.5000   1876
 153.8833  -50.7167   1876
 282.7708   -6.2700   1877
 163.1750  -54.2333   1879
 083.5917  +25.5956   1881
 108.3792  -10.4867   1882
 109.4292  -15.6417   1887
 315.5750  +48.1167   1887
 100.0000  -27.3167   1893
 299.1542  +30.2133   1894
 353.3125  +58.4667   1900
 240.2042  -53.5361   1900
 111.1750  -17.0028   1900
 168.5833  -57.5511   1900
 270.8500  -27.8883   1900
 256.6958  -35.6000   1900
 082.0875  +34.7750   1900
 210.0083  -62.1500   1900
 159.2500  -58.7333   1900
 115.2208  -19.0767   1900
 107.5500  +75.2033   1900
 158.9833  -58.7367   1900
 282.3083   +2.7683   1900
 102.6250   +6.6039   1905
 310.8500  +35.5883   1905
 282.4250   +4.9333   1910
 100.0000  +13.2994   1916
 101.6250   +1.7667   1917
 110.1917   -7.5500   1919
 145.1375  -50.5833   1920
 010.9375  +64.1856   1920
 113.6667  -19.7897   1920
 329.6917  +54.8183   1930
 280.3250   -4.3603   1930
 097.9625  +11.8439   1933
 323.1542  +53.7633   1934
 021.4708  +62.9953   1934
 358.5250  +61.7667   1937
 026.1000  +60.6733   1938
 167.4250  -59.1000   1939
 325.2167  +52.3069   1940
 034.8667  +58.3000   1944
 299.0250  +12.1633   1945
 241.5833  -56.8667   1948
 262.8375  -39.8525   1948
 109.2458  +13.7500   1949
 099.6000   +2.0167   1950
 203.6625  -60.2000   1952
 091.0417  +31.4956   1960
 199.5542  -67.0833   1963
 333.3750  +70.2500   1964
 129.8583  -47.3569   1966
 347.0750  +60.5167   1967
 298.8250  +12.1267   1970
 098.6583   -0.2669   1970
 078.0625  +16.6900   1972
 193.4125  -60.3617   1976
 145.2458  -53.8500   1979
 093.2750   +6.9833   1980
 117.1125  -27.9142   1980
 155.4125  -69.3350   1983
 112.9708  -12.7636   1983
 099.5125   -1.4733   1985
 201.8167  -59.0333   1986
 275.5708  -14.5900   1990
 131.1458  -35.9000   1990
 031.8458  +60.2569   1993
 299.5250  +26.7586   1993
 160.5500  -65.1000   1995
 261.1792  -34.2064   1995
 289.8042  -37.6217   1995
 167.5958  -60.2483   1995
 355.5375  +58.5525   1998
 129.3125  -29.9550   2000
 086.8708  +35.4322   2000
 296.3500  +23.9167   2000
 029.7292  +58.9700   2000
 081.3000  +30.1700   2000
 214.5458  -58.9667   2000
 359.3500  +61.6333   2000
 091.4958  +13.6644   2000
 301.2250  +29.2167   2000
 166.5333  -61.1000   2000
 090.2333  +35.2767   2000
 217.4333  -60.7117   2000
 168.2542  -60.7833   2000
 248.7917  -48.2833   2000
 039.8000  +54.9167   2000
 331.7750  +72.0000   2003
 082.0292  +34.4233   2005
 036.7958  +61.6278   2009
 356.7875  +60.9175   2012
 130.8625  -32.6583   2021
 095.9333   -4.6767   2023
 229.2042  -59.6667   2023
 142.7833  -56.4167   2024
 263.3417  -29.1783   2025
 099.1250   +4.8167   2025
 160.5500  -59.1333   2027
 099.9833   +1.5467   2032
 306.1500  +46.0500   2040
 091.2083  +24.0558   2040
 273.9542  -22.1367   2040
 011.8667  +85.2550   2047
 208.6625  -31.9583   2048
 238.0333  -56.4733   2050
 041.9167  +61.9750   2050
 251.0292  -47.4633   2054
 127.4542  -19.1000   2059
 145.0500  -50.3233   2062
 298.0500  +29.4083   2067
 282.4583   -1.0486   2069
 308.8250  +46.8333   2070
 112.5250  +11.9000   2070
 091.0833  +22.0144   2075
 019.7083  +60.3503   2075
 034.7500  +57.1283   2079
 147.0042  -55.0669   2080
 267.6708  -30.2100   2080
 318.0250  +47.7333   2083
 111.6042  -24.2000   2083
 093.9708  +14.2667   2084
 331.9208  +53.1292   2088
 208.3750  -59.7500   2088
 221.1917  -59.1650   2088
 217.5958  -58.2167   2088
 299.8750  +34.6417   2090
 097.8250  +11.0808   2095
 202.6083  -61.3167   2095
 097.7083   -9.6550   2100
 295.6917  +29.8603   2100
 259.0458  -39.4250   2100
 085.7167  +28.9414   2100
 077.5583  +24.1083   2100
 091.2125  +24.1583   2100
 266.8833  -30.1000   2100
 114.8375  -16.5283   2100
 115.3250  -16.2500   2100
 084.8208  +31.5014   2100
 092.3375  +31.2317   2100
 240.3750  -54.1167   2100
 357.4750  +62.7167   2103
 359.6542  +60.0350   2105
 249.1250   -8.9500   2107
 287.9250  +12.0514   2110
 310.8792  +37.0242   2110
 348.8250  +60.4667   2114
 058.1000  +61.9500   2120
 285.5833  -18.5497   2120
 106.7333  -10.7150   2123
 074.5583  +43.0133   2125
 110.2375  -22.8667   2128
 275.6958  -14.6333   2130
 355.9458  +62.1603   2144
 020.5333  +63.6931   2146
 086.3125  +24.7536   2149
 153.5125  -29.1900   2150
 205.8542  -63.0133   2150
 116.8958  -27.1950   2150
 095.8375   +4.5992   2152
 084.4250  +31.3242   2153
 315.4167  +44.8142   2153
 207.1833  -64.6850   2158
 288.7625   +4.8817   2160
 110.8042  -19.4514   2160
 296.3167  +27.8417   2160
 254.0458  -40.6667   2160
 243.2167  -52.4000   2160
 100.4208  +11.9050   2160
 002.0833  +51.7208   2170
 126.1083  -41.2978   2170
 049.2250  +58.6000   2175
 186.0333  -61.8717   2176
 121.2875  -31.9667   2177
 282.0500   -5.8500   2178
 079.0000  -45.2367   2180
 105.4250  -13.5833   2183
 126.0542  -29.1667   2187
 164.1000  -59.2000   2189
 189.4875  -68.3667   2190
 023.3458  +60.6500   2194
 133.2500  -35.4767   2198
 256.0833  -42.0733   2200
 027.7125  +61.0911   2200
 038.3375  +57.5600   2200
 042.8000  +60.4333   2200
 036.9333  +58.7589   2200
 059.7500  +51.8000   2200
 334.5875  +56.7728   2200
 114.0542  -20.6117   2200
 181.9417  -59.3000   2200
 065.1500  +44.9167   2200
 090.2792  +23.3222   2200
 088.3958  +25.1811   2200
 035.2042  +59.6100   2200
 177.3250  -62.2297   2200
 212.7000  -62.3300   2200
 161.0000  -60.0867   2201
 326.5417  +55.4489   2201
 207.1000  -66.0667   2204
 117.6250  -20.1833   2204
 144.4708  -53.9622   2209
 164.3500  -61.7167   2218
 174.0583  -61.6083   2218
 316.0458  +44.3492   2220
 308.7833  +53.3000   2220
 298.0250  +11.6344   2220
 341.8375  +58.1317   2222
 201.9333  -62.3128   2226
 146.3000  -44.1000   2228
 123.6958  -31.9500   2229
 048.6875  +52.6867   2230
 277.6250  -12.3164   2239
 204.2292  -62.0933   2240
 104.6958  +10.2950   2245
 107.0750  -13.1933   2251
 117.7792  -22.1306   2255
 148.8875  -28.9867   2255
 167.9042  -60.4000   2270
 335.8500  +56.6075   2270
 120.6000  -29.7767   2273
 039.7500  +60.4167   2274
 187.4083  -57.8767   2276
 266.0750  -34.8833   2276
 104.8292   -9.0972   2276
 320.4375  +50.6189   2280
 113.6375  -15.9728   2283
 118.9167  -25.8833   2289
 296.9958  +26.0322   2289
 281.0792   -4.9300   2289
 104.4458   -4.6117   2290
 122.7708  -39.9975   2290
 045.1125  +57.2672   2290
 112.9042  -17.1933   2291
 310.4792  +36.5769   2293
 112.6667  -15.3000   2299
 315.8000  +40.4667   2300
 338.7167  +58.3044   2300
 343.5833  +60.8150   2300
 281.3000   -1.2167   2300
 140.1625  -49.2231   2300
 249.5375  -46.3167   2300
 326.2875  +65.7750   2300
 161.1625  -59.5600   2300
 081.6708  +36.0136   2300
 055.1000  +59.4194   2301
 304.2125  +33.6267   2303
 103.5125  -13.5675   2304
 325.9875  +53.7150   2307
 096.3417  +14.5831   2308
 120.4417  -44.4167   2311
 121.2708  -31.8167   2311
 114.9000  -30.9333   2312
 159.3333  -58.6417   2317
 182.4083  -62.9833   2318
 015.2500  +63.9500   2320
 018.7958  +60.1267   2323
 277.6000  -15.0631   2325
 073.9292  +36.7819   2325
 158.9625  -58.2300   2327
 322.0917  +51.6419   2328
 348.4958  +59.8400   2329
 272.2000  +31.5333   2330
 120.4250  -41.5992   2330
 274.2833  -18.7000   2330
 096.4708  +15.8608   2330
 301.7167  +33.8300   2331
 123.7708  -26.9667   2340
 123.1125  -27.9000   2344
 038.1750  +61.4500   2344
 334.1250  +54.0500   2346
 289.8000  +15.7167   2350
 163.4458  -61.7500   2362
 269.8958  -51.6850   2362
 103.1250  -23.6667   2362
 098.9542   +7.6733   2364
 354.5083  +60.5492   2370
 155.6833  -59.5056   2382
 117.1750  -26.9847   2391
 093.4208  +14.9964   2397
 304.1292  +37.6553   2398
 101.7667   -0.0069   2398
 175.9500  -62.5167   2399
 320.9792  +49.9219   2400
 012.4250  +64.1264   2400
 099.1750   +9.4333   2400
 155.9500  -60.1333   2400
 207.9833  -64.8750   2400
 264.9042  -33.2467   2400
 226.2750  -68.3900   2400
 301.2250  -30.3500   2402
 339.8667  +58.9975   2410
 026.0000  +61.8850   2410
 126.7125  -41.2442   2410
 161.8125  -60.0833   2412
 096.8833  +12.6556   2415
 269.3958  -22.8756   2418
 002.4000  +60.4750   2420
 026.5375  +61.2350   2420
 062.6958  +46.8669   2420
 170.6875  -62.3183   2420
 092.7375  +14.3825   2421
 019.8958  +58.2867   2429
 209.5750  -61.7833   2430
 022.3833  +63.3039   2430
 040.6417  +56.7333   2434
 270.5583  -21.9150   2434
 108.3417   -9.8717   2436
 156.8708  -57.6167   2446
 069.5250  +50.7500   2450
 337.0042  +52.3228   2450
 173.2167  -60.7167   2450
 146.4417  -54.0000   2455
 147.3125  -54.6000   2459
 011.2542  +64.3847   2460
 305.0208  +40.8364   2466
 023.9250  +61.2833   2469
 073.9667  +52.8000   2470
 265.8875  -34.2183   2471
 306.6583  -80.0033   2473
 292.4458  +15.5744   2478
 114.5958  +21.5733   2480
 294.3458  +18.6986   2480
 272.2458  -18.4350   2488
 358.2542  +61.9458   2490
 112.5250  -18.5333   2494
 210.0375  -70.3917   2500
 074.2875  +28.7797   2500
 087.5167  +28.8947   2500
 337.7250  +53.9564   2500
 337.6792  +54.9000   2500
 145.5125  -44.0167   2500
 272.0542  -22.2600   2500
 158.1000  -56.7000   2500
 334.0833  +60.1017   2500
 337.6500  +57.2100   2500
 025.7667  +64.0400   2500
 143.7000  -54.7000   2500
 223.3583  -60.4825   2500
 144.4792  -59.5500   2500
 073.4708  +40.8617   2500
 024.3000  +65.8581   2501
 075.4542  +44.1283   2501
 072.9167  +45.7647   2501
 065.3333  +36.9167   2501
 351.4500  +61.3167   2510
 087.1667   +7.3583   2510
 104.0125   -7.1750   2511
 295.3167  +40.1969   2511
 027.7958  +61.0611   2520
 092.2000  +24.3317   2520
 271.0667  -20.1908   2525
 001.9083  +61.4750   2530
 359.0750  +64.5500   2530
 083.4250  +26.4833   2530
 314.1500  +46.8917   2533
 013.2500  +59.8500   2534
 120.8625  -30.8667   2534
 297.3375  +21.1700   2540
 312.7500  +35.9500   2545
 339.9292  +57.3950   2550
 103.0500   +2.9333   2557
 068.7208  +45.2700   2559
 302.9875  +26.7356   2567
 028.5500  +62.3667   2570
 153.0417  -58.0667   2572
 332.5583  +58.8081   2578
 052.7000  +52.6500   2580
 339.9500  +59.9150   2585
 262.6417  -32.2083   2588
 300.5208  +33.9192   2588
 098.1708  +12.5319   2600
 276.7958  -12.0300   2600
 292.2542  +14.8672   2600
 140.5292  -51.1000   2600
 081.4250  +29.3283   2600
 245.9917  -48.8925   2600
 332.6417  +52.8278   2600
 094.7583  +14.1481   2600
 101.9167   -3.1483   2600
 086.0917  +28.8203   2600
 142.6250  -52.9183   2607
 038.0625  +44.6467   2613
 332.6083  +55.3983   2616
 151.5875  -60.3833   2622
 290.6333  +12.6667   2623
 145.5042  -44.0200   2624
 300.0792  +25.4211   2628
 093.8875  -18.6650   2629
 116.4833  -20.3900   2630
 335.6750  +55.8500   2630
 111.5708  -18.4319   2640
 094.8417  +18.5417   2642
 348.6583  +61.2836   2644
 127.0917  -40.0853   2644
 301.3667  +33.5747   2645
 326.4333  +58.0842   2650
 117.2542  -21.3017   2650
 302.6000  +34.9667   2653
 102.2250   +0.3833   2661
 035.0417  +61.1086   2668
 291.1250  +16.8925   2669
 158.6750  -58.1333   2670
 095.7250   +5.1167   2670
 356.9792  +62.9897   2680
 105.5292  -21.9167   2682
 311.3000  +35.5000   2686
 285.9750   -0.0261   2687
 238.9500  -57.4367   2690
 353.1958  +64.2083   2693
 127.9667  -36.1997   2695
 141.0167  -47.3489   2700
 280.6208   -5.2533   2700
 080.1500  +30.6000   2700
 299.5583  +32.5450   2700
 315.4208  +44.1119   2700
 167.2833  -63.8333   2700
 006.9708  +60.6892   2700
 293.4792  +18.5200   2700
 125.8542  -29.5083   2700
 323.7125  +50.9239   2700
 030.5000  +62.8333   2700
 000.0500  +60.9667   2700
 183.7500  -64.4300   2700
 093.0333   +5.4536   2700
 304.4833  +37.9331   2702
 183.3875  -62.7167   2702
 081.6042  +50.7842   2720
 126.9958  -41.7694   2740
 112.1750  -20.8250   2749
 359.1583  +61.4006   2750
 028.9292  +61.3558   2750
 301.1792  +33.9067   2750
 126.7875  -34.7050   2760
 296.9917  +23.3506   2769
 118.0292  -28.1225   2770
 100.9792   +1.4047   2780
 142.1500  -46.6000   2790
 300.3250  +33.6200   2793
 251.4042  -47.7333   2799
 111.5333  -15.0933   2800
 356.8333  +63.2200   2800
 223.3833  -52.6700   2800
 075.6500  +42.5486   2800
 022.4667  +60.7164   2800
 201.0875  -59.7333   2800
 094.5083  +24.7106   2800
 284.1542  -26.9608   2800
 088.0625  +29.9192   2800
 096.3542  +19.7667   2803
 115.0250  -33.5333   2806
 292.6750  +15.4331   2814
 009.9250  +61.9500   2818
 200.9292  -41.8867   2818
 048.6750  +47.2367   2818
 158.0667  -60.0200   2820
 130.6583  -47.2000   2826
 105.0875   -5.8267   2830
 335.0292  +58.1281   2830
 092.2958   +4.5931   2835
 132.9542  -44.2631   2840
 156.0083  -57.7667   2850
 080.0458  -26.0483   2856
 181.4708  -62.6167   2856
 150.9750  -32.0533   2860
 299.2542  +31.6086   2860
 081.1500  +32.6500   2860
 120.9042  -31.4267   2860
 151.9792  -59.1969   2863
 117.9042  -31.8167   2880
 287.2583   +1.5361   2883
 094.3708  +22.4272   2886
 341.8458  +59.7750   2890
 356.9500  +68.6333   2892
 119.9000  -16.3000   2892
 143.6875  -48.0333   2900
 041.7292  +57.7300   2900
 106.6208  -20.1089   2900
 161.2917  -59.7167   2900
 160.9833  -59.5500   2900
 105.6250   -1.1308   2906
 144.7208  -52.9578   2910
 254.1667  -40.5833   2910
 150.3292  -58.2167   2924
 317.6917  +37.5744   2928
 097.4125   +6.8300   2930
 320.3667  -51.8117   2933
 112.2333  -18.3167   2936
 013.2042  +56.6283   2940
 035.5958  +57.1258   2940
 271.7708  -19.9158   2940
 180.4208  -64.1000   2944
 359.6000  +61.2083   2944
 120.2875  -27.2167   2951
 008.0125  +63.1556   2960
 107.0833  -12.8911   2964
 282.6875   -5.2050   2974
 092.2875  +25.6772   2977
 128.1292  -41.9881   2980
 292.3167  +23.3106   2980
 092.6083  +16.8369   2981
 112.0750  -15.4000   3000
 105.1208  -20.5667   3000
 097.8667   +6.8033   3000
 087.1250  +30.2167   3000
 092.5083  +24.5606   3000
 100.8292  +26.9700   3000
 162.7208  -60.1000   3000
 056.8250  +53.9097   3000
 123.9583  -35.6500   3000
 064.2083  +41.0667   3000
 206.7917  -62.4200   3000
 285.4167   -0.4561   3000
 075.5583  +36.7900   3001
 019.9333  +63.0686   3001
 120.5792  -31.0667   3006
 269.6458  -32.0200   3007
 343.0042  +58.2933   3010
 018.9917  +58.8117   3014
 163.2250  -62.3167   3019
 112.3250  -29.1833   3021
 287.9250  +12.0514   3026
 006.3167  +61.3233   3026
 109.2708  -35.2800   3027
 071.6250  +44.7333   3028
 120.6792  -32.0506   3030
 122.0625  -36.6092   3030
 192.9042  -69.7300   3047
 127.9208  -41.7917   3048
 164.5917  -59.0500   3049
 121.7708  -32.3500   3050
 264.8333  -23.6833   3054
 110.0250  -13.1333   3054
 112.6625  -23.3933   3060
 275.3292  -14.2900   3065
 346.4958  +60.2539   3065
 111.2917  -21.0217   3070
 135.2917  -50.9167   3074
 104.5250   +6.4333   3078
 194.4958  -64.9600   3079
 074.6458  -68.8444   3080
 157.7208  -53.8667   3084
 082.8542  +34.2450   3086
 295.6500  +21.1539   3090
 129.2625  -50.0644   3090
 311.3750  +39.6111   3091
 314.1500  +51.0833   3100
 151.2250  -61.6000   3100
 055.0917  +82.2333   3100
 002.5250  +61.1667   3100
 307.0792  +35.1153   3100
 071.2375  +41.5125   3103
 193.2750  -67.1667   3106
 122.6625  -34.6219   3112
 110.4458   -0.9850   3113
 119.0625  -30.3667   3117
 103.9500   +0.2269   3150
 093.6958  +12.8708   3150
 118.4500  -26.9611   3150
 030.2750  +75.4833   3150
 114.3750  -12.0667   3154
 120.0792  -30.2833   3160
 111.4625  -21.5833   3161
 008.2250  +61.8667   3162
 165.2417  -45.3500   3162
 071.1500  +42.6833   3162
 117.5833  -25.4667   3165
 038.9250  +59.0000   3172
 295.7875  +23.3000   3176
 337.4542  +55.3964   3180
 142.8500  -53.0500   3190
 190.9042  -63.1000   3200
 114.2458  -20.5097   3200
 220.0792  -60.3811   3200
 096.6500   -9.6383   3200
 345.2292  +59.7050   3208
 264.2375  -42.2267   3210
 121.7875  -36.0689   3240
 082.5750  +38.2314   3240
 113.3667  -20.5167   3246
 164.7542  -59.4994   3250
 163.2083  -59.4608   3250
 079.6500  +37.6250   3250
 085.2292  +32.2778   3260
 247.2375  -49.1000   3266
 228.8458  -59.0667   3272
 213.8708  -64.6117   3274
 289.2167  -51.4917   3276
 259.7250  -38.8167   3300
 084.5542  +31.7333   3300
 088.4667  +26.8297   3300
 030.7542  +62.2467   3300
 189.8792  -60.6333   3300
 291.4375   +8.0950   3308
 124.4750  -41.6667   3310
 099.5875  +10.8833   3311
 183.2583  -62.7064   3325
 318.2875  +42.4950   3326
 333.1042  +57.2700   3330
 337.0750  +59.1333   3343
 297.9417  +33.5119   3354
 141.0875  -44.7050   3360
 080.1333  +39.5472   3370
 084.8708  +33.3461   3372
 343.7250  +59.1667   3379
 108.7292  -31.3667   3381
 340.5542  +58.3311   3392
 332.7000  +60.1061   3399
 063.0875  +48.7353   3400
 172.6542  -63.4333   3400
 111.1667  -20.9483   3400
 272.6250  -16.7250   3400
 358.2000  +62.4400   3400
 218.3708  -62.0167   3412
 300.3833  +25.2350   3412
 131.7958  -52.0750   3413
 109.8875  -19.6333   3416
 096.3458  +13.8703   3443
 353.3750  +61.9500   3450
 113.3000  -15.4533   3455
 091.0208  +20.2808   3465
 333.7958  +54.3433   3467
 093.8208  +39.8550   3467
 272.1500  -21.4167   3470
 008.2417  +63.3342   3470
 129.2875  -44.1531   3473
 347.7625  +60.5700   3480
 116.2125  -28.3667   3483
 268.1792  -29.5500   3497
 163.9667  -60.4100   3500
 262.4250  -32.4833   3500
 071.0792  +41.8142   3500
 167.7750  -61.1200   3500
 087.5750  +22.2497   3500
 103.0792   +2.1908   3500
 116.3833  -32.8500   3500
 024.9417  +64.8947   3500
 065.6250  +51.8444   3501
 165.2750  -59.8167   3504
 130.0917  -44.7336   3530
 114.5708  -14.8783   3550
 237.1750  -50.2183   3584
 114.2583  -32.1983   3596
 081.8500   +7.0667   3599
 198.2292  -62.6811   3600
 274.6083  -18.4067   3600
 334.7375  +56.0864   3600
 321.0958  +48.0100   3600
 164.1333  -63.0178   3600
 138.9708  -50.0167   3600
 099.9083   +1.1433   3600
 198.1125  -62.6939   3600
 334.7500  +56.1236   3600
 200.2917  -61.9461   3602
 149.6875  -30.9100   3603
 085.3417  +39.2364   3610
 071.5875  +41.9519   3662
 119.8292  -22.6917   3677
 303.2833  +29.1233   3700
 084.8750  +33.3500   3700
 112.1500  -15.3833   3700
 130.9292  -37.7133   3708
 340.6583  +52.3878   3739
 083.3458  +39.8456   3743
 120.0042  -10.7700   3750
 112.0250  -21.7961   3750
 130.1417  -38.0800   3760
 128.1667  -48.3056   3760
 132.8917  -50.2453   3770
 351.4917  +63.7800   3775
 093.4375  +12.8067   3781
 012.1250  +67.2000   3798
 035.2000  +59.1850   3800
 106.0292   +1.0450   3800
 205.0458  -61.7311   3800
 282.8917   +0.1861   3800
 000.1625  +59.2389   3800
 075.2917  +35.7947   3801
 301.9417  +27.5653   3810
 279.9958  -44.1983   3830
 202.3208  -71.2683   3835
 109.6167  -17.6131   3840
 077.0708  +49.8689   3840
 037.2250  +61.7833   3850
 004.0833  +59.9619   3859
 080.9917  +42.3144   3860
 338.2667  +55.5394   3864
 124.7917  -35.6500   3888
 286.7167   +9.5833   3900
 097.7375   +4.9692   3900
 290.2250  +15.6767   3900
 126.3208  -34.1500   3900
 116.5583  -31.2800   3910
 254.9000  -37.0833   3910
 131.1667  -46.2961   3910
 141.4250  -53.2333   3910
 302.4417  +32.9131   3924
 109.7792  -22.0278   3930
 315.9458  +47.2150   3930
 312.2792  +47.8947   3948
 150.8000  -58.1500   3950
 119.0625  -30.0633   3957
 041.1750  +62.3500   3961
 152.7750  -56.6000   3973
 114.6000  -10.6833   3981
 059.8250  +57.2372   3981
 024.0958  +64.5383   3981
 113.0000  -19.4167   3981
 319.2417  +51.7589   3981
 035.2750  +65.9000   3981
 304.4250  +39.3500   3990
 333.2000  +73.3333   3990
 129.6083  -34.7700   4000
 002.4000  +62.6800   4000
 058.8958  +54.0206   4000
 125.3667  -30.3000   4000
 301.2083  +27.0706   4023
 090.7292  +10.4467   4033
 157.2708  -60.7500   4078
 108.5417  -25.6900   4085
 317.7167  +48.5367   4100
 117.6250  -29.8458   4100
 134.0458  -39.5167   4108
 105.0542  -10.3206   4110
 247.4000  -47.3106   4126
 141.7667  -55.1167   4129
 137.5500  -56.2667   4131
 343.7833  +57.0967   4150
 337.1917  +61.6328   4150
 081.4250  +41.9000   4168
 116.7625  -32.9683   4230
 105.8000   +6.4167   4285
 079.9042  +36.5089   4290
 302.4750  +41.3667   4296
 140.4792  -56.3167   4300
 252.3500  -44.7283   4300
 111.5958  -47.6667   4313
 111.7500  -37.5211   4317
 185.8250  -59.6600   4319
 112.7917  -15.4294   4336
 269.1167  -23.1928   4340
 000.8750  +63.5833   4365
 004.4250  +60.9333   4365
 132.0000  -47.0300   4374
 283.7625  +10.7892   4389
 293.9125  +20.1289   4394
 107.4833   +2.7336   4400
 058.8375  +58.3917   4400
 103.8042  +17.9825   4400
 064.6500  +52.8583   4400
 140.2625  -37.1167   4405
 273.2667  -13.3308   4415
 334.1625  +60.8206   4427
 159.9958  -59.1892   4430
 176.7708  -62.6369   4430
 299.1167  +32.3483   4450
 097.3917  -31.2833   4458
 283.9708  +10.7714   4496
 324.0375  +53.8147   4499
 077.7917  +45.7128   4500
 110.7292  -29.5000   4500
 106.5500  -14.9833   4500
 106.7667  -13.8475   4500
 111.5208  -21.1842   4541
 297.2208  +21.2150   4550
 097.3500   +9.1803   4570
 347.0500  +60.8650   4570
 046.4833  +44.3833   4571
 077.9125  +47.6917   4571
 070.1500  +50.4617   4585
 118.0792  -22.4500   4591
 088.8542  +20.8864   4600
 123.1125  -32.5833   4600
 145.9250  -56.5500   4602
 093.5667  +14.8050   4610
 110.3625   -3.2336   4630
 002.7208  +59.7472   4638
 107.6292   -8.4275   4650
 099.4458   -0.8719   4700
 102.2250  -10.5333   4700
 077.0917  +39.0689   4710
 323.8583  +53.6856   4724
 119.7125  -28.5833   4730
 273.5833  -17.3219   4736
 343.7833  +58.7250   4739
 135.6500  -43.6333   4767
 116.6750   -4.6000   4780
 239.4583  -36.2050   4785
 104.4250   +3.2167   4790
 342.9167  +56.1094   4799
 028.1250  +61.8333   4800
 097.3333  +16.7575   4800
 110.9083   +5.3708   4800
 081.4750  +46.4900   4800
 128.1333  -19.6833   4829
 233.4417  -53.6667   4854
 303.6250  +28.9467   4900
 130.2833  -38.7000   4900
 350.4000  +71.7500   4900
 106.8625   -8.8675   4933
 315.9458  +46.9806   4940
 125.7917  -32.9750   4950
 087.9250  +21.7833   5000
 046.0750  +58.7667   5000
 329.6417  +54.4900   5000
 050.8000  +60.5628   5001
 290.2208  +37.7717   5035
 102.8375   +5.7686   5035
 091.8542  +24.0967   5071
 006.3833  +63.7578   5087
 060.6583  +51.9322   5126
 150.8083  -64.7533   5168
 118.7750  -25.3650   5200
 076.7708  +38.4181   5200
 151.1625  -55.8581   5212
 007.8875  +61.5083   5220
 186.7500  -64.0667   5229
 117.4500  -17.2464   5250
 006.3250  +60.4000   5250
 106.1542   -6.6106   5250
 150.4000  -59.4667   5254
 256.0917  -19.4550   5271
 092.2333  +26.2636   5300
 116.2917  -25.5333   5346
 077.5042  +38.8253   5370
 281.8792   +0.6142   5387
 085.9667  +21.7103   5400
 201.3583  -58.9722   5409
 106.7167  -10.5383   5410
 122.8375  -31.9472   5470
 167.1708  -60.7133   5483
 003.7292  +61.4731   5492
 075.0500  +43.4667   5500
 251.7667  -45.8433   5500
 269.6625   -5.0717   5500
 010.4917  +64.9811   5501
 336.1333  +60.4136   5502
 143.3750  -52.3808   5510
 142.9833  -50.2167   5557
 166.8250  -61.4500   5593
 329.0500  +63.9333   5600
 334.6625  +59.0139   5610
 110.1000   -1.1000   5623
 104.3167   -6.6200   5664
 034.9000  +63.7167   5700
 300.3250  +28.6167   5728
 012.7500  +58.1833   5750
 131.2000  -45.9667   5754
 343.3583  +62.1419   5763
 110.9000  -23.1833   5785
 113.8750  -27.6997   5800
 080.5500  +45.4000   5800
 095.4458  +15.7397   5800
 139.1833  -50.2850   5823
 165.2667  -60.2333   5875
 359.7917  +60.6919   5875
 112.3500  -13.9667   5888
 279.9208   -6.0281   5900
 124.5750  -37.1000   5907
 089.6125   +7.7567   6000
 331.3875  +53.3683   6000
 157.7500  -58.4500   6000
 259.6958  -38.2833   6000
 080.6833  +33.4117   6000
 104.4250  -13.2167   6000
 326.7875  +54.9389   6001
 024.9125  +65.9197   6001
 037.2500  +62.0942   6020
 302.5750  +41.2167   6026
 118.1625  -26.3833   6028
 105.7708  -20.8167   6080
 233.7500  -58.2667   6111
 109.1000  -13.1931   6140
 300.4958  +31.4383   6140
 126.1083  -47.2142   6160
 139.8458  -40.5233   6170
 183.5125  -63.5933   6190
 026.9500  +62.9333   6200
 159.0583  -61.8500   6206
 186.5583  -63.4139   6250
 114.2958  -26.3883   6287
 287.7875  +14.8344   6288
 092.3667  +24.9283   6309
 101.1792   -0.5394   6310
 305.4000  +48.0833   6319
 118.1958  -26.2833   6400
 087.3500  +33.6333   6403
 021.5000  +62.6258   6460
 317.7125  +50.3086   6520
 126.3667  -39.6339   6600
 164.8542  -59.5469   6660
 268.1208  -28.6667   6664
 325.7917  +52.5325   6699
 129.4333  -46.0264   6737
 085.6833  +30.9714   6770
 101.2750   +0.3000   6800
 168.7792  -61.2600   6900
 098.3750  +20.5500   6918
 141.3250  -54.7167   7000
 343.4500  +62.6119   7001
 296.9250  +24.2594   7070
 253.7708  -49.3258   7086
 101.3667  -11.7944   7140
 112.8250   -9.9667   7145
 157.2917  -60.9833   7194
 017.0292  +65.6472   7200
 105.0958   -0.2322   7280
 271.6458  -27.4600   7376
 356.3000  +59.3000   7379
 155.3500  -54.4506   7410
 268.4667  -32.4833   7475
 025.2583  +64.5133   7500
 141.6875  -51.2667   7500
 321.5375  +53.5328   7500
 274.0292  -41.0633   7562
 268.3708  -28.3483   7575
 145.8917  -50.7925   7690
 104.0000  -13.2833   7691
 031.3750  +62.2650   7700
 081.0250  +29.6000   7870
 333.8750  +54.4000   7900
 357.7292  +62.3208   7900
 296.2958  +28.1611   7900
 140.1292  -52.8400   7900
 118.6167  -38.2372   8020
 264.6667  -35.6517   8208
 123.2417  -41.8836   8240
 104.4000   +8.2667   8272
 294.8792  +25.6450   8329
 083.1542   +0.1883   8400
 324.5083  +53.8194   8435
 119.5917  -34.7692   8500
 150.1625  -54.7883   8530
 321.1958  +57.5333   8630
 076.8083  +30.8428   8701
 097.7000   -4.2167   8872
 106.0667  -19.7500   8900
 096.4167  +13.5983   8900
 102.2542  -23.9967   9100
 297.7583  +32.2431   9330
 160.3542  -55.3056   9550
 354.6750  +56.6333   9638
 095.5000   -6.3500   9800
 153.7417  -64.6117  10607
 163.5583  -61.7378  11100
 128.9542  -43.6167  11220
 100.2500  -16.5167  11400
 295.0458  +26.2633  11900
 198.7750  -65.9167  12000
 319.4250  +41.8267  12100
 102.5750   +5.7500  12589
 106.6667  -11.7333  12600
 110.2333   +1.8081  13200
 114.6917  -33.8433  13341
 169.9208  -65.2200  14000
 327.9333  +55.3294  14655
 103.3250  +16.9167  14871
