# v [GHz]	Snu [Jy]	delta Snu [Jy]
  0.550000   3908.0628923   173.1892735
  0.625000   3537.6252114   158.7587648
  0.710000   3218.7179288   149.4766784
  0.780000   2942.4442825   135.6978102
  0.900000   2644.6138443   133.8883020
  1.000000   2374.4102856   119.3513206
  1.117000   2197.6383153   109.9755306
  1.150000   2173.3288777   110.2814904
  1.304000   2008.3844411   141.6744942
  1.415000   1841.9200234    56.9385641
  1.440000   1771.8198712    61.5356294
  1.440000   1763.1238002    71.9957470
  1.765000   1564.3185579   104.0540414
  2.000000   1452.3737314    61.1425204
  2.290000   1299.0098925    81.2416355
  2.740000   1082.9975735    73.7823651
  3.150000    966.6084444    43.7093672
  3.200000    994.4643310    61.6091678
  3.380000    901.5907129    62.0423528
  3.960000    809.1440870    48.0082177
  4.080000    835.6162196    33.4456391
  5.680000    584.8774849    29.7211913
  6.660000    531.4871914    25.3652986
  8.250000    479.7196517    25.9665843
  9.380000    406.3955874    21.3306963
 13.490000    310.1118756    16.4567299
 14.200000    286.1761876    28.9429059
 15.000000    265.4673454    26.9575884
 15.500000    296.3763755    20.2605249
 15.700000    259.5577440    25.9705214
 16.000000    278.7700694    13.4621461
 16.400000    229.9602284    22.9651074
 17.100000    225.0346782    22.9701782
 17.900000    213.2003017    21.9666928
 22.285000    225.0692561    12.4039016
 30.000000    227.8000000    11.4000000
 32.000000    183.1028286    5.8211282
 44.000000    139.9000000    7.0000000
 70.000000    108.6000000    5.5000000
 86.000000    95.5543881     3.8110127
 100.000000   93.9000000     4.7000000
 140.000000   66.3243466     6.4728512
 143.000000   72.7000000     3.7000000
 217.000000   62.3000000     3.2000000
 353.000000   52.0000000     7.0000000 
